1.478828274009335919e+00
2.034070114780925476e+00
1.964260267874941901e+00
2.190312447194299850e+00
2.009922130090489922e+00
2.061362278628877664e+00
2.068542783725367151e+00
2.041510841313801450e+00
2.014889402558638576e+00
2.005631686277127290e+00
1.934165109152586881e+00
1.966396093300885273e+00
1.955846186390167052e+00
1.974563844304608518e+00
2.008242985047187457e+00
2.013449586417112691e+00
2.010000312601540884e+00
2.020073687245300231e+00
2.014175658243859690e+00
1.966809473702267219e+00
1.995133436993644205e+00
1.972207287824440769e+00
1.914484223096658777e+00
2.000152532038288022e+00
2.025746306440479039e+00
1.972550959401220050e+00
1.978012650324609156e+00
1.965114345775079929e+00
1.992159344891812456e+00
2.021316926856578267e+00
2.014604833208070378e+00
2.034000121625769708e+00
1.989520798227717435e+00
1.983762747574624008e+00
2.010486556946051273e+00
1.983489975743599087e+00
1.981546370011376235e+00
2.008288173483694372e+00
1.989781001205421340e+00
1.989852650213110197e+00
1.980908791695294990e+00
2.000565670278276809e+00
1.993834249016235294e+00
1.983656238050694132e+00
1.991864911487660095e+00
1.992015642925672791e+00
1.986982649008717683e+00
2.023777302737554074e+00
1.985966297129299285e+00
1.988037398009906864e+00
1.954379802497693941e+00
1.941351875098437096e+00
1.991750173219249742e+00
1.973803852200020303e+00
2.012387119348070019e+00
1.995382689511679963e+00
1.995336700900390170e+00
1.979165186337443094e+00
1.963572055546166872e+00
1.990531474382562394e+00
1.968006176563317000e+00
1.957435644807323127e+00
1.963686573147144898e+00
1.972866134578457498e+00
1.969402591873504971e+00
1.953892816136045596e+00
1.962764094720907293e+00
1.934106919772921707e+00
1.938984802937261831e+00
1.947018712836332321e+00
1.941549088752368757e+00
1.924074590495099546e+00
1.920110910992748332e+00
1.921370231838873233e+00
1.924997051213488852e+00
1.930606638325300883e+00
1.946893240792720636e+00
1.957519812660840408e+00
1.918099701391221767e+00
1.924488099952211595e+00
1.952143602104019271e+00
1.944564528304351336e+00
1.963317795515300723e+00
1.950794708554846935e+00
1.960195343221772690e+00
1.938086868757974424e+00
1.949149880711687599e+00
1.964015191287109108e+00
1.953782439980754848e+00
1.973298388687371396e+00
1.966305559370286504e+00
1.946387539120059351e+00
1.977988244382397287e+00
1.997193070865543207e+00
1.957305865294526326e+00
1.946753450627587645e+00
1.949265559157006944e+00
1.964525912026955368e+00
1.932701095937691793e+00
1.910093619398037346e+00
1.926603765661143886e+00
1.929428036910859401e+00
1.971440751031651395e+00
1.940253727145275109e+00
1.959810581985224953e+00
1.986283418020587499e+00
1.997944608801597521e+00
1.961019360478697182e+00
1.965470215445868307e+00
1.965897266182063508e+00
1.962434590713479476e+00
1.976720386582609956e+00
1.979256943859660778e+00
1.972523422946909744e+00
1.978983193532242169e+00
1.973047691916705704e+00
1.976359504406132395e+00
1.969450458352041577e+00
2.001858691514899036e+00
1.968448041542245397e+00
1.975590772280546581e+00
1.980819741037014303e+00
1.988421928786404003e+00
1.980439926293503738e+00
1.985994049435723774e+00
1.981077880310125439e+00
1.979653371033344822e+00
1.987360575832495257e+00
1.983340214935605861e+00
1.977682881978035212e+00
1.933289272593299080e+00
1.964474639220239904e+00
1.932874264407474563e+00
1.978069376883806907e+00
1.955896590400993729e+00
1.967089714530855016e+00
1.972359587854724872e+00
1.948575234277716728e+00
1.954889827516991474e+00
1.963649179803703682e+00
1.961105086384989038e+00
1.979610111063373479e+00
1.969457742626433694e+00
1.965553022675585515e+00
1.955948580037392137e+00
1.963284275557958480e+00
1.992410494641123186e+00
1.959948007575321283e+00
1.961777783729792279e+00
1.954550762183952184e+00
1.968459494378557606e+00
1.957515460556497278e+00
1.955285317862481609e+00
1.953839891507494153e+00
1.948578013929429087e+00
1.973104934536580091e+00
1.961063167489798476e+00
1.969065116057900688e+00
1.975970195821274755e+00
1.954740119406408017e+00
1.943863416476458106e+00
1.942051788651946165e+00
1.977239184440519937e+00
1.975688906153596935e+00
1.941476089895349366e+00
1.978606497371004691e+00
1.960564095738984713e+00
1.986174754523591490e+00
1.977040665298438915e+00
1.969827263510864901e+00
1.968565234218508486e+00
1.956156395050581365e+00
1.944560410764871961e+00
1.949645294311438848e+00
1.995213570042552176e+00
1.962132977600470340e+00
1.942586614023215308e+00
1.973107357825510277e+00
1.951993400894626696e+00
1.973536408135661224e+00
1.977349391028406567e+00
1.976075737372533281e+00
1.957153961696332711e+00
2.021026388586150357e+00
1.972029484197169280e+00
1.955217880771321637e+00
1.992783952938188996e+00
1.972626675494284498e+00
1.967143553590119609e+00
1.985903465354533326e+00
1.969197321926681621e+00
1.985736733899877260e+00
1.960344465426263616e+00
1.960021030338398695e+00
1.968486562323142897e+00
1.979518974945756238e+00
1.967150479403841912e+00
1.972708051678763397e+00
1.982814097848127011e+00
1.971389507509883288e+00
1.971567238371468189e+00
1.973672548633163659e+00
1.997957195274662201e+00
1.972676436119454646e+00
1.998116985473436635e+00
1.994735838988778154e+00
1.980450914826910713e+00
1.956154014957479426e+00
1.956375858273721846e+00
1.954198653932604168e+00
1.949319489188374055e+00
1.940462833181333613e+00
1.938984173271761646e+00
1.964442352731896380e+00
1.967157478397240311e+00
1.941699609544501159e+00
1.934839715315777031e+00
1.963740602068271501e+00
1.962065364529472111e+00
1.947101582821792354e+00
1.953059590702223902e+00
1.948815270415608980e+00
1.966408908680610024e+00
1.965268659096876425e+00
1.953245609735106081e+00
1.971138317086738478e+00
1.980671694102318803e+00
1.918562398541272751e+00
1.932044098402544208e+00
1.950393200017732420e+00
1.955960947246537573e+00
1.954377092404221194e+00
1.966313092950637165e+00
1.986907226793960701e+00
1.986752257319573722e+00
1.975541586797000093e+00
1.970254346062604300e+00
1.945249788726110873e+00
1.949496669105298841e+00
1.974138785557415510e+00
1.960710999145766520e+00
1.982918252125056124e+00
1.952698720808539790e+00
1.975919509991465484e+00
1.947225564619421423e+00
1.982141852043254771e+00
1.957997485379341374e+00
1.969488792302628077e+00
1.958503163105854705e+00
1.943649432859149151e+00
1.969554387813795104e+00
1.957285164625921503e+00
1.957376977849322408e+00
1.945551816009926549e+00
1.959906398610202771e+00
1.963223849974313096e+00
1.970419965377827154e+00
1.965841600629315122e+00
1.959749143673678029e+00
1.955879979893226706e+00
1.992001579955322565e+00
1.995566850820404081e+00
1.965007352088375292e+00
1.990693693814376886e+00
1.984994543034409364e+00
1.967098698864133910e+00
1.960534357384436710e+00
1.953093223781650956e+00
1.982929632567875355e+00
1.970104504542571577e+00
1.954052232313026716e+00
1.934505287910302407e+00
1.970718425933404738e+00
1.995971899028242236e+00
1.947874151845297108e+00
1.951893319570969565e+00
1.968433474271676475e+00
1.982001663335474229e+00
1.968153670459192650e+00
1.960015744604906685e+00
1.969617316027287401e+00
1.950131480029249076e+00
1.963118814721157790e+00
1.952654980640195381e+00
1.951976411828503233e+00
1.954268008681265156e+00
1.979683756616033241e+00
1.974623155721469736e+00
1.980187342655294724e+00
1.974584616279798199e+00
1.919054351757389920e+00
1.946189117329703899e+00
1.976991672847180359e+00
1.964532464310609905e+00
1.967623862322592565e+00
1.968433276995988246e+00
1.940565797893490263e+00
1.959399521567439795e+00
1.962282818876191826e+00
1.948693249579654507e+00
1.964145989736537423e+00
1.966233676271226027e+00
1.968594539749313643e+00
1.963373188797477464e+00
1.959230034696402001e+00
1.974368705674430124e+00
1.963041497381445399e+00
1.977865655419836832e+00
1.983169383346957471e+00
1.941630973783339931e+00
1.969733851292850835e+00
1.973070296836731963e+00
1.952685312038578980e+00
1.974523967338232655e+00
1.953417008206769445e+00
1.989093096666719074e+00
1.981791761104315430e+00
1.941175379770270437e+00
1.966648496950560876e+00
1.949775937427278283e+00
1.946027135678106701e+00
1.949743174513459687e+00
1.956299961939287790e+00
1.977646240736955274e+00
1.984907472114942895e+00
1.981871613738023230e+00
1.976477095777344983e+00
1.994061175945521347e+00
1.995963931908017353e+00
1.946385113692055580e+00
1.977229156220129180e+00
1.995818539795451763e+00
1.958070639994097695e+00
1.968939143643115619e+00
1.974111007212692392e+00
1.963635046736540657e+00
1.971033329770992770e+00
1.982381712966365894e+00
1.953388119592509131e+00
1.965329488187708140e+00
1.967542161545573043e+00
1.960366349926213392e+00
1.962820742557905840e+00
1.958730869687191678e+00
1.957514788086478497e+00
1.944845229965962208e+00
1.966311672415063994e+00
1.969273881411347071e+00
1.951046607388334131e+00
1.973959236465344658e+00
1.938868026530420341e+00
1.951645151670172051e+00
1.972281016121748110e+00
1.966307998891245967e+00
1.969615848838512262e+00
1.968072601264842625e+00
1.950058013625973086e+00
1.967617025528549668e+00
1.980795766852564199e+00
1.956974924284938133e+00
1.930609921669536710e+00
1.972315985360161283e+00
1.946766976263852422e+00
1.963093477057906489e+00
1.973857118649337217e+00
1.955132035548926339e+00
1.957212874757578103e+00
1.974178186160572279e+00
1.979692938039654626e+00
1.975369704937505189e+00
1.966319949115008070e+00
1.949364580046844209e+00
1.951258832842064139e+00
1.973816916740980698e+00
1.948953004748477547e+00
1.969831380237699880e+00
1.963821007240212024e+00
1.976868345847974995e+00
1.964493358401751877e+00
1.939948446887103550e+00
1.966301625269186726e+00
1.949019791058020701e+00
1.950640924561009237e+00
1.950001372384894571e+00
1.936268999902013732e+00
1.945761526199859093e+00
1.923660636543706115e+00
1.951934392783001293e+00
1.940239383262511330e+00
1.928167053585081669e+00
1.940882424877776291e+00
1.944775904408694966e+00
1.937184268547827104e+00
1.963571920706733254e+00
1.955783074239443531e+00
1.952301651871159782e+00
1.933382027871393793e+00
1.960180281202001940e+00
1.991381785840870000e+00
1.966910013904127341e+00
1.967657283720175787e+00
1.965723816543363700e+00
1.946810096399856693e+00
1.941230338788820342e+00
1.951428804917696880e+00
1.925296561058121414e+00
1.967306959255121335e+00
1.925306844909063120e+00
1.964470176145620472e+00
1.940642381015308615e+00
1.959853275215798440e+00
1.961657289646426605e+00
1.953153333048062379e+00
1.958149786394172587e+00
1.953680917981431620e+00
1.956684834752690616e+00
1.938188361840698537e+00
1.928384893127928823e+00
1.935389122273494911e+00
1.936845615231168605e+00
1.939198409264290213e+00
1.951054693608672341e+00
1.976598190144635447e+00
1.955393048885986307e+00
1.964708082548317414e+00
1.985704279753045309e+00
1.961377843955205647e+00
1.970906384314381032e+00
1.957731651114733129e+00
1.975577087900246109e+00
1.958259593614376293e+00
1.965525364367355587e+00
1.972238168004625480e+00
1.957257313147132471e+00
1.958983473513094653e+00
1.983292740761921191e+00
1.954180444404828521e+00
1.963409940219005501e+00
1.958397698782562202e+00
1.983852517039077945e+00
1.949331043474201053e+00
1.968857298483016605e+00
1.948365830852811564e+00
1.970425759630121565e+00
1.931347758647897317e+00
1.956761678461258036e+00
1.978823254641076224e+00
1.941568038527425877e+00
1.965373737040139845e+00
1.942828067945518544e+00
1.916145364538166751e+00
1.938158317603366321e+00
1.961016860267629447e+00
1.916734902504496851e+00
1.940615722631706008e+00
1.930468553931443232e+00
1.958885137579387647e+00
1.952847494313759924e+00
1.959417601757748484e+00
1.923526132007227663e+00
1.938143594595102215e+00
1.956080919451774758e+00
1.952494680929702575e+00
1.953214560648957043e+00
1.922495140548767800e+00
1.960529899515000229e+00
1.947830946725567225e+00
1.966586136982862110e+00
1.935026504125635816e+00
1.955582442973349711e+00
1.944965081082848934e+00
1.940608697450728615e+00
1.921964575842454170e+00
1.941351936525917310e+00
1.964975079668331848e+00
1.943969030945324361e+00
1.946809059424165822e+00
1.930300936085808772e+00
1.941166051871940912e+00
1.957557218628915630e+00
1.921874405349380588e+00
1.948344141190881951e+00
1.934117511240941001e+00
1.939373153710575393e+00
1.960514515813412739e+00
1.945669642864016780e+00
1.951150107508342169e+00
1.961187371772868282e+00
1.934541489768160982e+00
1.962871008317086607e+00
1.965098611279862517e+00
1.979166908944425041e+00
1.956054399372875174e+00
1.934524872492852765e+00
1.977246405247368832e+00
1.944726729597991532e+00
1.967484465105385105e+00
1.953996257374852830e+00
1.957806914793570829e+00
1.989743393155445794e+00
1.978393230636515066e+00
1.961568777681219622e+00
1.970561925873953735e+00
1.946856569357477529e+00
1.939920187433415322e+00
1.971858388012522667e+00
1.941304120010701073e+00
1.967429610019574504e+00
1.946842530418066319e+00
1.973672820866845257e+00
1.973985075862821459e+00
1.957311039333094360e+00
1.943095653966323333e+00
1.953795652424397566e+00
1.953897721099194129e+00
1.955994467826117189e+00
1.948659049301686430e+00
1.924116033890028943e+00
1.931321972082271854e+00
1.943741881598107790e+00
1.921596414199234770e+00
1.953488359660451756e+00
1.945099959467339934e+00
1.914863429464559008e+00
1.923823171980871827e+00
1.933399362905952934e+00
1.933014093401530520e+00
1.943456266448718051e+00
1.962015470352377999e+00
1.911942345539147770e+00
1.938733975917181995e+00
1.937010159287064326e+00
1.915888895417378945e+00
1.931545712494504352e+00
1.934073788783805981e+00
1.921938629188810310e+00
1.927995117729895513e+00
1.927832797890896011e+00
1.936980590277955327e+00
1.921643380985379457e+00
1.930166103097103347e+00
1.940622208702977858e+00
1.934530423105273345e+00
1.932434242453971329e+00
1.902457872487106183e+00
1.932546786455362486e+00
1.936611048139492475e+00
1.934431532015107758e+00
1.924561144123906331e+00
1.942760916925890369e+00
1.910086184025365785e+00
1.933264169633647445e+00
1.936537467686225034e+00
1.922914824790357136e+00
1.916592499559511165e+00
1.934072071623442968e+00
1.937605290216318998e+00
1.931841399815555693e+00
1.933657234696805727e+00
1.928387444503165904e+00
1.944315769438497821e+00
1.928430581936083854e+00
1.915348875529062411e+00
1.922852095655677829e+00
1.907827813858441468e+00
1.921327742678751171e+00
1.924289492360543141e+00
1.915807200199301397e+00
1.947446888304669388e+00
1.935349941737447566e+00
1.939177667319069043e+00
1.928415623139857482e+00
1.934700298358735138e+00
1.915527830521747132e+00
1.940919687197596444e+00
1.901238447417967548e+00
1.930335365129186576e+00
1.920347852736604688e+00
1.925732481478276581e+00
1.947091811054420418e+00
1.936268251435434795e+00
1.926328921071366773e+00
1.950389087019449796e+00
1.916002698747643285e+00
1.925691088663435302e+00
1.951818313179069175e+00
1.949656437639654349e+00
1.928225946315837325e+00
1.910444386529119409e+00
1.937679310196865901e+00
1.955455272767768538e+00
1.949353592083668429e+00
1.937078436139170856e+00
1.958024282146316519e+00
1.932954999045088496e+00
1.917784602902660840e+00
1.949545340000010007e+00
1.914653581747061573e+00
1.923541334805167757e+00
1.919976484989001309e+00
1.942134542080238946e+00
1.947807231479619094e+00
1.949185166297811467e+00
1.923544034931639501e+00
1.922695718439512591e+00
1.899429806633534001e+00
1.940786698823650402e+00
1.917206613974976159e+00
1.916440091606399942e+00
1.918118084024392322e+00
1.916021013324042954e+00
1.906614847727498230e+00
1.897503453052059363e+00
1.920699913455804264e+00
1.904251808286291814e+00
1.913668189651400064e+00
1.904432558153039023e+00
1.911241215829000417e+00
1.922317798873368178e+00
1.909539282364230317e+00
1.889347621965551394e+00
1.910426624115074690e+00
1.905262938450044574e+00
1.902232880327081821e+00
1.902573387845706065e+00
1.910948009383388158e+00
1.894249227682633929e+00
1.879571965471851680e+00
1.909787354176953000e+00
1.899220521039032494e+00
1.913383993790416682e+00
1.905122814343436000e+00
1.912863202720885170e+00
1.896106619568375118e+00
1.909267839375611509e+00
1.901098029922499766e+00
1.884248567964595278e+00
1.921469585855583029e+00
1.884168640331576050e+00
1.888990729989088679e+00
1.932156156109749556e+00
1.911532418172904535e+00
1.893893637780941441e+00
1.889192136846856718e+00
1.904576993551929220e+00
1.862796754037461922e+00
1.891669416601931220e+00
1.906648447222053067e+00
1.907550396367098999e+00
1.901227813060747174e+00
1.939592457125394853e+00
1.884508336831414388e+00
1.878975979206173763e+00
1.891780309378228164e+00
1.887626963919392997e+00
1.907485966181485582e+00
1.907849149663315425e+00
1.887951119647252041e+00
1.881376291413261237e+00
1.875442696596908654e+00
1.869426254133152332e+00
1.912882273707629865e+00
1.901612095589422236e+00
1.896221011092568354e+00
1.894664466198081598e+00
1.900477665517274151e+00
1.879331390784036548e+00
1.915682415369146741e+00
1.887553471517628090e+00
1.893077546443947101e+00
1.890705559203911701e+00
1.886749062153144862e+00
1.891131254606126744e+00
1.900544893159456405e+00
1.897300559512252072e+00
1.888876665740613525e+00
1.878123376038705272e+00
1.892169120052682230e+00
1.906781612964907113e+00
1.932200417677373938e+00
1.909549761982122007e+00
1.880301253553547491e+00
1.894569893783099923e+00
1.895431789253000820e+00
1.902717764764392250e+00
1.875712891484915934e+00
1.928495236938873258e+00
1.899250649973491578e+00
1.889053035904271871e+00
1.874201532296746686e+00
1.884125917781617865e+00
1.885619073072887675e+00
1.905325634819598601e+00
1.903832922751386825e+00
1.886920472371500956e+00
1.864067352998638905e+00
1.873824523241597761e+00
1.873304222604762037e+00
1.901616462737519830e+00
1.877297442371377745e+00
1.875506238023276540e+00
1.861348012649978845e+00
1.879142111458469877e+00
1.860937198248487912e+00
1.877512473062771470e+00
1.875235569708775030e+00
1.859861501473518031e+00
1.882994826240769637e+00
1.832162992475514063e+00
1.844192808382093762e+00
1.823654730376441657e+00
1.839585335876005256e+00
1.853800204882059877e+00
1.874555509663979436e+00
1.825298855652655483e+00
1.843461691519021839e+00
1.840983686686692433e+00
1.825380443435667299e+00
1.822529612823918121e+00
1.838758065229064265e+00
1.811577418604255252e+00
1.810565261861447395e+00
1.799720930652116468e+00
1.824976618208591583e+00
1.821560059974585144e+00
1.810638058377423754e+00
1.810573779298938701e+00
1.814720703160173754e+00
1.771841198192990463e+00
1.840914522353808147e+00
1.789984160877654107e+00
1.793244460323323519e+00
1.804007523052959749e+00
1.771486342252431179e+00
1.790463476809938559e+00
1.773504425938866147e+00
1.798108044913663051e+00
1.792446064677081452e+00
1.791341753625103950e+00
1.769016706077127798e+00
1.777852848987174106e+00
1.761549422660625641e+00
1.784414939884371165e+00
1.795525778053245647e+00
1.794639450461351426e+00
1.777132687395652999e+00
1.774298404860768619e+00
1.779000235206046998e+00
1.788280552156214842e+00
1.819559649952302349e+00
1.775953760701669548e+00
1.768738760228738105e+00
1.762099698472172182e+00
1.783299548587005567e+00
1.795637167161221459e+00
1.755426790213548749e+00
1.789483446316057158e+00
1.774325041859637020e+00
1.773493592110432449e+00
1.754368551948098709e+00
1.801213174847285936e+00
1.763646908212176623e+00
1.763671338813524336e+00
1.759412357144031436e+00
1.794510713179281458e+00
1.774885026180002656e+00
1.814423892984170283e+00
1.790139573824562902e+00
1.779551854148336831e+00
1.789304958620065777e+00
1.782893211466415329e+00
1.770982606433691542e+00
1.783094115886288522e+00
1.755643390141607973e+00
1.758965474674971663e+00
1.761680574036383895e+00
1.737597003730811274e+00
1.743695756974025901e+00
1.763795828088975393e+00
1.741452343195823538e+00
1.778260079453871656e+00
1.801600055611871198e+00
1.775671709128503251e+00
1.754985030387719025e+00
1.769819148841036416e+00
1.769746163431647590e+00
1.781295126396452044e+00
1.757220828270584123e+00
1.776583001983395693e+00
1.752665459086716115e+00
1.747260307887492647e+00
1.776694423395464684e+00
1.755721101831983377e+00
1.780810859976577953e+00
1.735619138129653738e+00
1.764429661077383082e+00
1.788329799500093964e+00
1.759561218961582574e+00
1.782148123294294839e+00
1.760509369411197067e+00
1.765493480520516467e+00
1.740368727889225031e+00
1.744116075729509108e+00
1.749207122310151297e+00
1.735688185713236464e+00
1.727079997387873211e+00
1.741082574925958637e+00
1.712466186863602857e+00
1.724032762039753974e+00
1.706766672860202227e+00
1.723700581398774689e+00
1.719327397590031392e+00
1.718431509890704145e+00
1.692317053786388525e+00
1.694235842021299066e+00
1.682066418656748441e+00
1.717358551456014126e+00
1.659874159170379393e+00
1.666032085676600882e+00
1.698576556988839137e+00
1.694518676332797069e+00
1.699225074387166190e+00
1.669708894485751882e+00
1.671325476732890891e+00
1.648244133905891529e+00
1.672290370989452768e+00
1.652399497683649132e+00
1.648464956158636863e+00
1.636177487737378478e+00
1.649030702700308382e+00
1.648747264012790259e+00
1.642465777639726898e+00
1.634426885604239654e+00
1.617046411085524937e+00
1.619932453072038037e+00
1.656847515295459150e+00
1.625081178160493245e+00
1.624017303958150915e+00
1.637370528169195483e+00
1.617742793247741062e+00
1.636806744636257527e+00
1.621605820570902079e+00
1.618237577200141386e+00
1.627765132114433300e+00
1.634044745503749230e+00
1.607641224430244709e+00
1.610348555131244641e+00
1.598833088126874413e+00
1.591808761559640795e+00
1.609156012699527238e+00
1.618777589744343492e+00
1.608277124483386222e+00
1.614906289092924219e+00
1.620864223644353119e+00
1.610932254877361691e+00
1.613413119085549186e+00
1.609482212832173520e+00
1.622252825755439831e+00
1.622185248151666315e+00
1.627197522539377106e+00
1.591713500686402050e+00
1.572151674776890218e+00
1.624414047445453146e+00
1.598571827817204749e+00
1.587091643753403503e+00
1.599537422574119239e+00
1.596623022986231266e+00
1.595646002605482838e+00
1.581383110355109478e+00
1.595544717143132507e+00
1.585745385631693871e+00
1.611352213668351352e+00
1.584716668878991541e+00
1.608648619240686806e+00
1.590756548266121451e+00
1.579445124811165835e+00
1.551265188422052299e+00
1.586681452519867364e+00
1.587087567163765200e+00
1.603353274694058195e+00
1.567101984548352700e+00
1.583508852145533607e+00
1.586426952380792565e+00
1.586893694641395403e+00
1.594081798501924219e+00
1.556937037115944333e+00
1.589399948724649736e+00
1.570947527720784276e+00
1.578389223754551374e+00
1.603629809953873719e+00
1.585456504515197818e+00
1.579899209491747225e+00
1.570255493421409021e+00
1.583124908152035104e+00
1.577635849175197169e+00
1.595066155238486161e+00
1.583562962804479612e+00
1.587165715963100743e+00
1.611623471245180239e+00
1.587719039607461635e+00
1.569194715259160766e+00
1.571519973685192806e+00
1.569026277707598060e+00
1.583087741505122770e+00
1.569460923606060820e+00
1.582688737149677172e+00
1.564836237871807034e+00
1.577597259717215650e+00
1.575511827435226220e+00
1.564415760728783189e+00
1.554927143031908043e+00
1.563221489106342732e+00
1.559149546009568787e+00
1.535876829971879243e+00
1.539893166560644344e+00
1.530580152791875204e+00
1.526617930015287339e+00
1.512826375447079430e+00
1.521577854756049453e+00
1.532415077587648389e+00
1.525370775413505520e+00
1.531691353442011572e+00
1.541049616758203067e+00
1.532545436369280756e+00
1.510918142193989899e+00
1.520080806603117729e+00
1.517464468093097096e+00
1.499817650601381835e+00
1.499447022148368447e+00
1.522309276676990342e+00
1.500005235554636940e+00
1.511889502869217194e+00
1.517826657138987567e+00
1.510313696918014426e+00
1.466738407800272537e+00
1.501921744051203378e+00
1.497649958137881931e+00
1.474940580831685111e+00
1.504433156576910680e+00
1.495472097290346580e+00
1.516505252428790085e+00
1.489549168749753072e+00
1.497487625300358394e+00
1.453951054291956702e+00
1.474397342901397678e+00
1.485398138509119725e+00
1.500578680195053138e+00
1.468826472471159938e+00
1.470782276974165415e+00
1.480400286207356197e+00
1.471122742939072525e+00
1.446317242647292112e+00
1.469833605143214150e+00
1.502800446752182273e+00
1.473107925469237856e+00
1.472252799425322722e+00
1.452504071038883460e+00
1.487144822493015717e+00
1.443416434147196892e+00
1.454336795931484128e+00
1.456276396231382275e+00
1.440019898427369993e+00
1.458295060911279917e+00
1.448645421324733285e+00
1.455369432706229205e+00
1.448788178528459092e+00
1.452208182923625968e+00
1.458133434497584258e+00
1.441111839085708946e+00
1.440670527887516705e+00
1.446408750055839576e+00
1.432379423484346104e+00
1.447803128572078935e+00
1.447420910081348877e+00
1.432937407040203670e+00
1.418533718598212090e+00
1.442001205259941798e+00
1.427261930038182580e+00
1.443007203836883523e+00
1.445608756913114190e+00
1.452423332714343651e+00
1.443785533769095686e+00
1.446531094736597467e+00
1.427329190660570291e+00
1.422645810561837365e+00
1.422431618772004969e+00
1.414339227183363246e+00
1.417083944346978264e+00
1.409581731629372170e+00
1.429227139148437908e+00
1.441468916692771218e+00
1.430597104825045651e+00
1.408435305736350562e+00
1.430910865460063297e+00
1.408817300189736610e+00
1.425297559893227817e+00
1.395953022483560124e+00
1.429688253789659580e+00
1.426480736368755498e+00
1.407285046716199917e+00
