1.490437113468302543e+00
2.012575986151378338e+00
1.981692402999775560e+00
1.791071255687578523e+00
1.893180681078081129e+00
1.986031628094726109e+00
1.942890347598189571e+00
1.954389310772667754e+00
1.954994909354298649e+00
1.977945373246341676e+00
1.868562966209047493e+00
1.937980970334622466e+00
1.959917965093306513e+00
1.906373973251089371e+00
1.985254940473205831e+00
2.027877982674903379e+00
2.000444597682213832e+00
1.945407227032445174e+00
1.912130336104108652e+00
1.992278675923295994e+00
1.956700042243742166e+00
1.964922162854687127e+00
1.926298003971693706e+00
2.009755138586635237e+00
1.928680669157422756e+00
1.966566179183299790e+00
1.954580129335162786e+00
1.958554439122630608e+00
1.942955941876107318e+00
1.951362416815032086e+00
1.931311010840264242e+00
1.977724746239318376e+00
2.002155259897100859e+00
1.989256018586106123e+00
1.955781951712078914e+00
2.041320222143527374e+00
2.008155903901821304e+00
1.966885429765362181e+00
1.983184904070552035e+00
1.971221189610139923e+00
1.941794464820673083e+00
1.917615417419973101e+00
1.954700601644383973e+00
1.959478775816750229e+00
1.977627985843874781e+00
1.953147146075379981e+00
1.960494093124112824e+00
1.966199609184618557e+00
1.971150043934256413e+00
2.012964441676986294e+00
2.017898499764892328e+00
1.993149321495201853e+00
1.949571392827423422e+00
1.934133309445420057e+00
1.981486348900888039e+00
1.969127764058391739e+00
1.984180702354438219e+00
1.972979141781952883e+00
1.984805064940039721e+00
1.952032104967050818e+00
1.980833948552699342e+00
2.003445465700971706e+00
1.999745696724494870e+00
2.019390667834349617e+00
2.017392252967285415e+00
2.005737436630961934e+00
1.966193636579311788e+00
1.969702938727763142e+00
2.004660873720923053e+00
1.977098622473928424e+00
1.966563174423133109e+00
1.972585044720903458e+00
1.970067492900752004e+00
1.982434637742300332e+00
1.976311771154666497e+00
1.987132794037656858e+00
1.952332170651154053e+00
1.974909003704832466e+00
1.958257020591205544e+00
1.932475225228819760e+00
1.970900240361109113e+00
1.983447687666808568e+00
1.970203469085785919e+00
1.990383226670901395e+00
1.985804670968895236e+00
1.990947498502747326e+00
1.977836622482067819e+00
1.991367315982108366e+00
1.965814276679183736e+00
1.989346381965606536e+00
1.979590495005621786e+00
1.997383728351359133e+00
1.992956292940828877e+00
1.954825156689438570e+00
1.985296172946632298e+00
1.974783073103066000e+00
2.015698590166074666e+00
2.000059552848173272e+00
1.979785369724613053e+00
2.002766099331799943e+00
1.996319371935366904e+00
1.997294329827920434e+00
1.970802063857246322e+00
1.998992830676122212e+00
1.977913616044360001e+00
1.978481076144575468e+00
1.981927357585378857e+00
2.002056748245129913e+00
1.972156240434711050e+00
1.963040621280729869e+00
1.961186340532002470e+00
1.955991290179898145e+00
1.993197097894189973e+00
1.948448683241513990e+00
1.969671909532250798e+00
1.976914732608086700e+00
1.972282236202399286e+00
1.950240774812427302e+00
1.990645538876315568e+00
2.002732858270857452e+00
2.000886319380402512e+00
1.983802078498097199e+00
1.945637838031438971e+00
1.972738671049741654e+00
2.012648721641805860e+00
1.975049004236175465e+00
1.990251255216782145e+00
2.003920333485712302e+00
1.985542479922467018e+00
1.996118926978533104e+00
1.959372885939982378e+00
1.985746598637737836e+00
1.987388323370158583e+00
1.962984620361574395e+00
1.966081574021907086e+00
1.964482656290317042e+00
1.967980812902819787e+00
1.960480503371849759e+00
1.989211574308865860e+00
1.937758237316712373e+00
1.975065931759505622e+00
1.973837260961261331e+00
1.989286696094471729e+00
1.951288889769838386e+00
1.968611521725480262e+00
1.961339948708285208e+00
1.950331392616305948e+00
1.990010598093832295e+00
1.966169655007747652e+00
1.971601450758964758e+00
1.994957961907359190e+00
1.969654516536319955e+00
1.986589946448392485e+00
1.988767409338650483e+00
1.974435781805466306e+00
1.969938666943173766e+00
1.994327199680251628e+00
1.990625770001225980e+00
1.974355491932573425e+00
1.988772159275214335e+00
1.999438601047915043e+00
1.991880816278841726e+00
1.981915174557471460e+00
1.980532123158268654e+00
2.007980894285953610e+00
1.978658995259504616e+00
1.987197046327360495e+00
1.969751142128997712e+00
1.979153398328467706e+00
2.007304006059087431e+00
2.023374065501363006e+00
1.985276745290968536e+00
1.987901211501422294e+00
1.990213051315339987e+00
1.975769743723532201e+00
1.976079156290500682e+00
1.997397019745925428e+00
1.957391326682803800e+00
1.986920374741670603e+00
1.978512803389009589e+00
1.973470791493031395e+00
1.986929638848047297e+00
1.976680342292401305e+00
1.994816820690912706e+00
1.999418026612193477e+00
1.956272053061273830e+00
2.000633854617155816e+00
1.973762122548129661e+00
1.999589090186878249e+00
1.998313178717197047e+00
1.984109542577574326e+00
1.969245388303686006e+00
2.001564522095007792e+00
1.993578296261397265e+00
2.013483224031239249e+00
2.003054735353883231e+00
1.988069721577280680e+00
1.985188068948527285e+00
1.997107008286248986e+00
1.986811259761767534e+00
1.996500172787408545e+00
2.009405160874939256e+00
1.987993611596954313e+00
2.014028911561936308e+00
2.011589116240924735e+00
1.996179642321487258e+00
1.994304968183059801e+00
1.986346332080067389e+00
1.995367332629211399e+00
1.993755604418356864e+00
1.993194594144250598e+00
1.988286069343586648e+00
1.982394131983268082e+00
1.997004117062896933e+00
1.991338904256282127e+00
1.968898769083889944e+00
1.980801384040676405e+00
1.966857252552471458e+00
1.956159600704061141e+00
1.989573509274431995e+00
1.975869327498209538e+00
1.988143581404250737e+00
1.979348833708951316e+00
1.999241133342741783e+00
1.993068246564274171e+00
2.001299194870892695e+00
1.965903610210464780e+00
1.991597221616184576e+00
1.971936077934300924e+00
1.998838606758092773e+00
1.999814869802851725e+00
1.984472344650197506e+00
1.983355583735635808e+00
2.003826016847683800e+00
1.981100654767060876e+00
2.007661985405666982e+00
1.979085316194596045e+00
1.970081565622488151e+00
2.001792847988377755e+00
1.983244647993598120e+00
1.996267629034032653e+00
1.992320788246486840e+00
1.967557957779025646e+00
2.008261729898972892e+00
2.003841245291789086e+00
1.984436333368455152e+00
1.974441976490227013e+00
1.979784208041491578e+00
1.995836181024098988e+00
1.994911213475635270e+00
1.965409768847623528e+00
1.971343554720365265e+00
1.973894671849434346e+00
1.990831183056711806e+00
1.997815861376091018e+00
1.967903496878967040e+00
1.984640060006140683e+00
1.968685611399903612e+00
1.979016056566844206e+00
1.988593264908697922e+00
1.977513535099642006e+00
1.985491839995220831e+00
1.993312081458244567e+00
2.006152900653875637e+00
1.994132603744659171e+00
2.019544302234091315e+00
2.013324047738097811e+00
1.999597488082238028e+00
2.007937909320922643e+00
2.013792596949265157e+00
1.984148492362488136e+00
1.987462878570765090e+00
1.988785291490614560e+00
2.003709481085354405e+00
2.005421955100852305e+00
1.996981654153723085e+00
1.994952229361849128e+00
1.988094533400415642e+00
1.971319331921688400e+00
1.978357777465803879e+00
1.967642531043159115e+00
1.971683391242920580e+00
1.998292609380181606e+00
1.985697197558990768e+00
1.995809693190314205e+00
1.980132776466405398e+00
1.983616122138011750e+00
1.975296024056278466e+00
1.993664041618184779e+00
1.980234445442139002e+00
1.994709366637993364e+00
1.984059357754798691e+00
1.988183900426432116e+00
1.990926916287852455e+00
1.997617687349521054e+00
1.979592663730827651e+00
1.988406041926443102e+00
2.003404724624605837e+00
1.997062854445942337e+00
2.001819359314862989e+00
1.992532554534727218e+00
1.999272146872288047e+00
1.993362358596904471e+00
2.006192606405198919e+00
2.003763347284248209e+00
2.008721690380844471e+00
1.960548722323199433e+00
1.973477699186469758e+00
1.972854310576487302e+00
1.970474115370378643e+00
1.974611672215916602e+00
1.980520028651745923e+00
1.972905731665082651e+00
1.984060215061366872e+00
1.957769241818963391e+00
2.010161909807305136e+00
1.987123353612684662e+00
1.960388103686212302e+00
1.987776563073928804e+00
1.983794078568563934e+00
1.963572057117864977e+00
1.952869880408468317e+00
1.966210200616549386e+00
2.001928602360895759e+00
1.984357359925737363e+00
1.967226724130736848e+00
1.983099836094353918e+00
1.987197153983722764e+00
2.002065218942518321e+00
1.989940785598752093e+00
1.998900818680112268e+00
1.984655210324585584e+00
1.964295889913972859e+00
1.982124045199429974e+00
1.984527147344970599e+00
1.968087434377968625e+00
1.981567470753925697e+00
1.990019766761312203e+00
1.981181682327886717e+00
1.987774451405319720e+00
1.982363127210515552e+00
2.007068216978352027e+00
1.980259523228379281e+00
2.001246072377417029e+00
1.986371309855284206e+00
2.007533844649672883e+00
1.995294161254340670e+00
2.009484602220666272e+00
1.997010491956829448e+00
1.994024934348636258e+00
1.974863125784504625e+00
2.004962984548018134e+00
1.989350400773167937e+00
1.991695417720805716e+00
2.007621872123787732e+00
1.995332842648634752e+00
1.988122517165594738e+00
2.016844102474453226e+00
1.975821010033404823e+00
1.988746637081096669e+00
1.970626428906466110e+00
1.990130488038540868e+00
1.964867102979685587e+00
1.974614189024533673e+00
1.981773188517595985e+00
1.990547903899043458e+00
2.005756729685202355e+00
1.984913197769720972e+00
2.002897787896910309e+00
2.005479389902358189e+00
2.002580898306013157e+00
2.017926477776766703e+00
1.988005167680568119e+00
2.013334915641236567e+00
2.011552491794301289e+00
1.995215652974164477e+00
1.980142497051546657e+00
1.989127688213424117e+00
1.998158562320830001e+00
2.002444706282159537e+00
1.986655482787561100e+00
1.982371441014483926e+00
1.992292597332814275e+00
1.992370305065376490e+00
1.956996194346789286e+00
1.990284798853288573e+00
1.963922660341340443e+00
1.968501191317047372e+00
1.971400772298610438e+00
1.988072788921966261e+00
1.981888902508374573e+00
1.976841174511148047e+00
1.955741730938647116e+00
1.992397976250847247e+00
1.984375592590006399e+00
1.962831986301527554e+00
1.976215153299258231e+00
1.979559853771914346e+00
1.996071211177574245e+00
1.983951780312464663e+00
1.992049987378429643e+00
1.996628233764782490e+00
1.977324936440830960e+00
1.992722113055364508e+00
1.981363603334222123e+00
2.008194868042907810e+00
2.021166997260471998e+00
1.986324439892082072e+00
1.984109603575340941e+00
1.981996699147285046e+00
1.999059699628431774e+00
1.994781464714335151e+00
1.986925416635551001e+00
1.997162526948214945e+00
2.002486641583152149e+00
1.992810846232402122e+00
1.983230381994342872e+00
1.995996266769620497e+00
1.989617024327372086e+00
2.003702560155397272e+00
1.980846376705508671e+00
1.997643340126808997e+00
1.986078891989639938e+00
1.991923775810561681e+00
1.987064705208468895e+00
2.008285154642034165e+00
2.009240921321356677e+00
1.964763507578706214e+00
1.983999697560638431e+00
2.002486405757054388e+00
1.978282096566112980e+00
1.971426139216009732e+00
1.980244878088755822e+00
1.974809558116894737e+00
1.964299442607791990e+00
1.976603947371138981e+00
2.016654076439986731e+00
1.973241277767533663e+00
1.980709976926439131e+00
1.969299332181038809e+00
1.974178732701301620e+00
1.989087999116777139e+00
1.975619935621261813e+00
1.971295235398020429e+00
1.979865368033918660e+00
2.000678287133777822e+00
1.984444716940706677e+00
1.976442324511958226e+00
1.998204930538282076e+00
1.983845063086063121e+00
1.992364248119574688e+00
1.995932664606162810e+00
1.993018293532577534e+00
1.962959676714580715e+00
1.943659188950433991e+00
1.973765589297200584e+00
1.948843148796088887e+00
1.960743124304879181e+00
1.964389545691168415e+00
1.984964615138834709e+00
1.975502522455602206e+00
1.961553543601378902e+00
1.996137835606276001e+00
1.984667944350822166e+00
1.978675779069287488e+00
1.991133970536386855e+00
1.996547814949257704e+00
1.974989171814831135e+00
2.004788198077366079e+00
1.966968535283441399e+00
1.977315207645653494e+00
1.982664878469985403e+00
2.002342952799508691e+00
1.969903158973000279e+00
1.977371731972435542e+00
1.953018575672016643e+00
2.000281113208763895e+00
2.004779317609926892e+00
1.993687192412574749e+00
2.020386872498886710e+00
2.001221127579119852e+00
1.976591346013581996e+00
1.985531137922263767e+00
1.994666592390851756e+00
1.990935651954215180e+00
1.985474464453530707e+00
1.987842708625579435e+00
1.980678532381535906e+00
1.977865839928183433e+00
1.984695582712420858e+00
1.998407314905330967e+00
1.998455487670661945e+00
2.012181550810765440e+00
1.993895074920996047e+00
1.960429240214054625e+00
1.971712314095163343e+00
1.991626511745881789e+00
2.003426300429941964e+00
1.958408002798082137e+00
1.967408933447263086e+00
1.984788283990819302e+00
1.992943823184920582e+00
1.973430278317457542e+00
1.975380307161914262e+00
1.964201439552851314e+00
1.962952650795722009e+00
1.954656056748076853e+00
1.978234949923847630e+00
1.960370089304415142e+00
1.967669670281429806e+00
1.968373493955313025e+00
1.941443434343027574e+00
1.979637255690699371e+00
1.962569249962675233e+00
1.966667422370457441e+00
1.949269947795184699e+00
1.931901624107218218e+00
1.971370824725742876e+00
1.969837544229642967e+00
1.940616421010361137e+00
1.970121016297715633e+00
1.993293630855533793e+00
1.967685090139540405e+00
1.932157686297550470e+00
1.971681131683104216e+00
1.973330723279656862e+00
1.956592248392437394e+00
1.951436534554639390e+00
1.936622846994847658e+00
1.950699368343705720e+00
1.961667884106547133e+00
1.948641055670300659e+00
1.960876216326024712e+00
1.967546511643885720e+00
1.944525965453149929e+00
1.966354636678075751e+00
1.975280912868740968e+00
1.949739393795502762e+00
1.946626916267749641e+00
1.926201128920770111e+00
1.988199588565181308e+00
1.956860850488316483e+00
1.949700035005068388e+00
1.942058884864532153e+00
1.954742547151461673e+00
1.978305119269770485e+00
1.964307950273037617e+00
1.969249928185729415e+00
1.954655113703634095e+00
1.949766365472398677e+00
1.973326033204780394e+00
1.975473773785580534e+00
1.960956298978135282e+00
1.942764581752137953e+00
1.960234700798220819e+00
1.932458205322808764e+00
1.942694393937544284e+00
1.949149493218244267e+00
1.962846334357291722e+00
1.956692923143760421e+00
1.929802702855529795e+00
1.951130440990916703e+00
1.957697102712146586e+00
1.979164925728223556e+00
1.968043465236576139e+00
1.965260262075751330e+00
1.951721684752198982e+00
1.955487686676731895e+00
1.989187631201278839e+00
1.949609084933882075e+00
1.974037970570001077e+00
1.950322528731002425e+00
1.958943692953561966e+00
1.981575912735621392e+00
1.943840203211404161e+00
1.955849680888558373e+00
1.955750435235580564e+00
1.937824229290880496e+00
1.958258482381679322e+00
1.937952387510906149e+00
1.963341929074345904e+00
1.960080996072064208e+00
1.949706598855760920e+00
1.976637642609671897e+00
1.950655831611413760e+00
1.972852225213441946e+00
1.930063319194567750e+00
1.982012139970341869e+00
1.956061020897595260e+00
1.940727563693280366e+00
1.952742810248966343e+00
1.963644726371143845e+00
1.952402190593271136e+00
1.973330556210161735e+00
1.962250629451923523e+00
1.937635537775732386e+00
1.939289855259655804e+00
1.920815862773106453e+00
1.954641405211792415e+00
1.951451807592231358e+00
1.943648086148405785e+00
1.975166923105297512e+00
1.945666204416911516e+00
1.961789483187202254e+00
1.968244702795861834e+00
1.917771349649832979e+00
1.932043695325673882e+00
1.944609406680768204e+00
1.924307567580681777e+00
1.928725380634241926e+00
1.948208725285791143e+00
1.916547274425370428e+00
1.918942090918092758e+00
1.902915370916312021e+00
1.890222653322591650e+00
1.909287718929299160e+00
1.895539708169344584e+00
1.903102369304469965e+00
1.890641131645924622e+00
1.895994290043014674e+00
1.878142111800053637e+00
1.865635030975003605e+00
1.879283716853987318e+00
1.904679311235953465e+00
1.861532095097326200e+00
1.873589512497906284e+00
1.872802520616973609e+00
1.872382047900327029e+00
1.879807341938294130e+00
1.860591572450353004e+00
1.875096454175782190e+00
1.863883967849266687e+00
1.873363482677293135e+00
1.879422042665537473e+00
1.887259874155648109e+00
1.877576191452599241e+00
1.831430456918773153e+00
1.889364476500789980e+00
1.877263482829664598e+00
1.849652916357082511e+00
1.867434031645854864e+00
1.880466789875069544e+00
1.877456831122804815e+00
1.844851150233340009e+00
1.867901560687599938e+00
1.881672531616968236e+00
1.881946856768049292e+00
1.858871564884158278e+00
1.848401963323481167e+00
1.844943656856940395e+00
1.857126282925455785e+00
1.850282916608458672e+00
1.889947729674338994e+00
1.860800008828529917e+00
1.866591926255400047e+00
1.874911091327877477e+00
1.856326896552885630e+00
1.857274806641944220e+00
1.853828749478217297e+00
1.861059966450346215e+00
1.871008199192660371e+00
1.875075633262841324e+00
1.862418907294623338e+00
1.869328044795909083e+00
1.886912765824094729e+00
1.885002968337434526e+00
1.877379837731454781e+00
1.873671285512556794e+00
1.853689798012412071e+00
1.894711345074231224e+00
1.849249230405650257e+00
1.886388579127623810e+00
1.860936824016053759e+00
1.898852501831002071e+00
1.870243872601411672e+00
1.872894993849186562e+00
1.868201999146802406e+00
1.860373318420053934e+00
1.846096190377247037e+00
1.850550883873607999e+00
1.848714286242628457e+00
1.867003355265361320e+00
1.871999385251636561e+00
1.867304054643909028e+00
1.848820643062905500e+00
1.846720076832809809e+00
1.872279689705875105e+00
1.847607227872676727e+00
1.835559217985070823e+00
1.849190101616048798e+00
1.847556836523043033e+00
1.851668394785936478e+00
1.867369662025179400e+00
1.838397386531369859e+00
1.850815712800286894e+00
1.842074463577995092e+00
1.860640526760898306e+00
1.827929375886275576e+00
1.854231452722783891e+00
1.863091399965671746e+00
1.841909364776914693e+00
1.857044442119601291e+00
1.838127150115831165e+00
1.855530399163790589e+00
1.819688361904562734e+00
1.821554918823008240e+00
1.862677715977800963e+00
1.826341873622485901e+00
1.819032520360863492e+00
1.834569161145316762e+00
1.830683481193944973e+00
1.820212004958733587e+00
1.833389015484033324e+00
1.822875172839310443e+00
1.812368870723780390e+00
1.829061937537850291e+00
1.787041805458233101e+00
1.783493729066095268e+00
1.813464574109782568e+00
1.799768959613943009e+00
1.798898199527862340e+00
1.815317284223156413e+00
1.774690003937448024e+00
1.797399842378440527e+00
1.781714408149133622e+00
1.810066766189470489e+00
1.792435392541335659e+00
1.810038388847024837e+00
1.794084275406027329e+00
1.774944906021704849e+00
1.802881225372203078e+00
1.799558569695916432e+00
1.795564372126995822e+00
1.775106787735549529e+00
1.797084906815419547e+00
1.754890147853465976e+00
1.780809668180556304e+00
1.805465476630043087e+00
1.773257977657451745e+00
1.786409678739054874e+00
1.776373566775936386e+00
1.765255895404912012e+00
1.782375640684562335e+00
1.793272928882080564e+00
1.771543693280204890e+00
1.797247038750334758e+00
1.783106154992921022e+00
1.779870232479564329e+00
1.770827477818009976e+00
1.762692860742153478e+00
1.761730934532627080e+00
1.774626536197521975e+00
1.744308828172608461e+00
1.764067875703171140e+00
1.772836708951462059e+00
1.768081664499153494e+00
1.771670948958677050e+00
1.770979955135635553e+00
1.757894049084508525e+00
1.758800038545526245e+00
1.777653529805733434e+00
1.790835164542453617e+00
1.769720703409324747e+00
1.784547049801102458e+00
1.780434507238701336e+00
1.768027035580946649e+00
1.756851222958785597e+00
1.777273989436187085e+00
1.762257975369947660e+00
1.783053628437856197e+00
1.770498301350927450e+00
1.785257253281539835e+00
1.757393402745739186e+00
1.768542703411249528e+00
1.776032665657752529e+00
1.761066966967193226e+00
1.797330341202787229e+00
1.784230668667824871e+00
1.788894738726130029e+00
1.763536110331288320e+00
1.755044014069306879e+00
1.793162985326234748e+00
1.784119099334803504e+00
1.749354066939169394e+00
1.776216952664549709e+00
1.779901697381744752e+00
1.751799545231455868e+00
1.785869557741607938e+00
1.790270736750193770e+00
1.757530613119154816e+00
1.778503380844369319e+00
1.753548273977701522e+00
1.780143782876637326e+00
1.784870338937551537e+00
1.755283797746203245e+00
1.776232864704233139e+00
1.785293688390257261e+00
1.752959703577250838e+00
1.788774263667308961e+00
1.787546895300783367e+00
1.771795226159012415e+00
1.767278195856815781e+00
1.770452049069980438e+00
1.758048436658881331e+00
1.743108686787770756e+00
1.744443909617910737e+00
1.741167150342018077e+00
1.740686008072779289e+00
1.745067864851310491e+00
1.749994178148489787e+00
1.720633121494161699e+00
1.735683473393688780e+00
1.698273108119699337e+00
1.728068437353928788e+00
1.714486632935529498e+00
1.737672632285723440e+00
1.709595923761573655e+00
1.698378751004119724e+00
1.708394968917784418e+00
1.706736735515533843e+00
1.685083272119423548e+00
1.689027847743955757e+00
1.685777028397027477e+00
1.706851845143785962e+00
1.677001942365967002e+00
1.686118121188815433e+00
1.684581724400008973e+00
1.669002012647562427e+00
1.675393250545546664e+00
1.664797336346901968e+00
1.660372302919817633e+00
1.695752856494522121e+00
1.658982905741700042e+00
1.663060525342757723e+00
1.651071536236706327e+00
1.662324329999852690e+00
1.660110046478622703e+00
1.660218922986051560e+00
1.644983580066549989e+00
1.644854984744433812e+00
1.639054316994683846e+00
1.644229262066744690e+00
1.659077536589154800e+00
1.625810283800501743e+00
1.648076327676196051e+00
1.648741023315165144e+00
1.627042897313550673e+00
1.638034943867058280e+00
1.627520623211093698e+00
1.632678812627350373e+00
1.635834001699888018e+00
1.642801834233791558e+00
1.624916231312450998e+00
1.631929205089325263e+00
1.649703728226672883e+00
1.641293936664740105e+00
1.617451718773146085e+00
1.603562025581196648e+00
1.618237152273696688e+00
1.618795699404599109e+00
1.637759038422602842e+00
1.636418923697363859e+00
1.611261376510009891e+00
1.616141140478448257e+00
1.642440188213847740e+00
1.610701427540295771e+00
1.605215946131471894e+00
1.626829531698976927e+00
1.618193583813138936e+00
1.617506954119094287e+00
1.609768014676012715e+00
1.618140576260017838e+00
1.608429000388523100e+00
1.612471860123605438e+00
1.608838210426860593e+00
1.609509324813592102e+00
1.601566048304959411e+00
1.619006581443227288e+00
1.612489674360260805e+00
1.609595516850869323e+00
1.605145087073051924e+00
1.608965786247579466e+00
1.583787626286473404e+00
1.584201339098569861e+00
1.605735599231693733e+00
1.577576206407440562e+00
1.610837215929256550e+00
1.615763178261536037e+00
1.597702260413101705e+00
1.620155721994287923e+00
1.612607511852751196e+00
1.609375235952398064e+00
1.615152667128372244e+00
1.599821178754600837e+00
1.600086531817759727e+00
1.576178322814656640e+00
1.590100075994207662e+00
1.597505926180360136e+00
1.587274989181647999e+00
1.603472029189452419e+00
1.592658278135600680e+00
1.627514197014218622e+00
1.583116798905928491e+00
1.551134530379461030e+00
1.588187281723712596e+00
1.564000480972123297e+00
1.596079099400057544e+00
1.573526257535575068e+00
1.552368999006658257e+00
1.580600542226347827e+00
1.557573359308144667e+00
1.560422911766175869e+00
1.563137925674013884e+00
1.565418102580330206e+00
1.554852088083404915e+00
1.534244459743055122e+00
1.546065496319970922e+00
1.555849262581473713e+00
1.518399963276011233e+00
1.552971241377957723e+00
1.533066503819827675e+00
1.544694991316557742e+00
1.535590731428848166e+00
1.530767140870320064e+00
1.559835472245536092e+00
1.503676524501074363e+00
1.502671065364194813e+00
1.513886593391117641e+00
1.512204619622143476e+00
1.511465722547719492e+00
1.482366457478795141e+00
1.519711950931211364e+00
1.511911725869221401e+00
1.487413309908309333e+00
1.483439573345914919e+00
1.511524621257257284e+00
1.501819411105612900e+00
1.509766514182712793e+00
1.500109143320365490e+00
1.501271073495620056e+00
1.490447150611189597e+00
1.482756581123231943e+00
1.498521896943454390e+00
1.484364733305686412e+00
1.476822909370358650e+00
1.491493533523856163e+00
1.503285017404232260e+00
1.481354657808509723e+00
1.471301414315213885e+00
1.478901153755095343e+00
1.476265275468863436e+00
1.469381085815562038e+00
1.464201509228562070e+00
1.453207489177989364e+00
1.454054335125498865e+00
1.466310912929379429e+00
1.469302328506117972e+00
1.443498271269012312e+00
1.463708515600051774e+00
1.479702704962656767e+00
1.472789767975661190e+00
1.468476202861785707e+00
1.443708195564276098e+00
1.437160344605750817e+00
1.464198298578853086e+00
1.448957729048407472e+00
1.440423401117904012e+00
1.432972212633440767e+00
1.451013472949811201e+00
1.454424578130088408e+00
1.436589864790926097e+00
1.456077725740907214e+00
1.441103301765776834e+00
1.434073682468059330e+00
1.468425440689175687e+00
1.463465997054565815e+00
1.447892650976640105e+00
1.451524584539290785e+00
1.422708164953761623e+00
1.430797043520999345e+00
1.442083211679975552e+00
1.433093170077463396e+00
1.438360929436152569e+00
1.426108433567383926e+00
1.454834009949859785e+00
1.424760792693859912e+00
1.433140275607658332e+00
1.438320615392231439e+00
1.444226304467681299e+00
1.432439155885000481e+00
1.425515521156060617e+00
1.435224939244295062e+00
1.417317394351670812e+00
1.428051143101412457e+00
1.418336435051316569e+00
1.410767874705399771e+00
1.448454515671830922e+00
1.407776176188886064e+00
1.406345210709606830e+00
1.427400236117269294e+00
